100002 100002 1000
6552 6553 42573 42577
96951 96956 61320 61324
91224 91227 74799 74799
59748 59753 80262 80262
97211 97211 48680 48684
76561 76563 69153 69155
94316 94321 74610 74612
935 936 42449 42451
56881 56884 76838 76838
26510 26510 11119 11124
90805 90810 51868 51871
1201 1201 52116 52119
90240 90244 86543 86548
82071 82072 55385 55387
82844 82848 8949 8949
31467 31470 71384 71386
4338 4340 54058 54062
17044 17048 67081 67085
18473 18478 94309 94309
17533 17533 37317 37318
79149 79151 70720 70720
14893 14897 11685 11688
97220 97224 25748 25753
85870 85874 60226 60227
95322 95323 84697 84702
95913 95918 46038 46038
17013 17017 34378 34382
43240 43240 58137 58137
30208 30210 11805 11806
95154 95157 23940 23942
25572 25576 59086 59088
31537 31539 98608 98610
38057 38058 48404 48407
88462 88466 84887 84888
34552 34554 98985 98989
14770 14772 91376 91380
60827 60829 67558 67562
66438 66443 7158 7162
90746 90750 90275 90275
41203 41206 83265 83265
69887 69889 81050 81052
54818 54818 76746 76749
55698 55703 11332 11334
15740 15741 90379 90383
20925 20927 75673 75675
34217 34222 54588 54593
48104 48106 75411 75414
25780 25784 27541 27545
75325 75329 29515 29516
27685 27686 49458 49461
85060 85062 41850 41854
15364 15366 66409 66414
62374 62377 35736 35739
47676 47681 14004 14005
11437 11439 53983 53987
81716 81716 28173 28175
40833 40837 20616 20620
92599 92604 87084 87086
99884 99886 46507 46508
40780 40782 98218 98223
98935 98940 9154 9155
30398 30402 95008 95009
1641 1641 76486 76490
87156 87159 65736 65741
34573 34578 17647 17650
40440 40442 2809 2809
79372 79377 19447 19448
68564 68566 38894 38895
42350 42354 37335 37338
31567 31567 56127 56132
8797 8799 31528 31531
71315 71315 11558 11563
2881 2886 40066 40068
98569 98574 69946 69948
35235 35236 67519 67524
49562 49563 99958 99960
15437 15438 16152 16156
89423 89424 97970 97971
46440 46441 35141 35144
12337 12340 38855 38857
3163 3167 18400 18403
32457 32460 85262 85267
12210 12215 77506 77510
12864 12864 33 33
62707 62712 43492 43492
14783 14785 10072 10075
79242 79243 8702 8704
82959 82963 8204 8205
65405 65410 3178 3182
87512 87512 49238 49238
80183 80183 5376 5376
91269 91272 77743 77744
23329 23329 91515 91516
69598 69598 61969 61972
35395 35398 11762 11763
85035 85035 54451 54456
39654 39656 26622 26622
36567 36568 31536 31540
2004 2004 96154 96157
55689 55691 17248 17252
67286 67289 50749 50751
46572 46573 66973 66978
32147 32147 91105 91110
98663 98667 78238 78238
55895 55897 39262 39267
32389 32390 67038 67040
13096 13098 5807 5809
88045 88049 73589 73590
91922 91927 24427 24429
93001 93006 20028 20028
37819 37819 4587 4591
18339 18342 21773 21773
5998 6002 71626 71628
7682 7686 99999 100000
18068 18070 86655 86659
93712 93715 81741 81745
90933 90933 21187 21188
67126 67131 27087 27092
11418 11423 40817 40818
49565 49566 61982 61986
69069 69073 84992 84992
73390 73392 14484 14489
94166 94166 80010 80015
5490 5494 71336 71337
72415 72417 35207 35207
7186 7188 48629 48633
30321 30323 83058 83059
68791 68791 99251 99252
78803 78807 59010 59011
11401 11405 23675 23676
37008 37011 12784 12789
18003 18003 77351 77351
53777 53780 58711 58716
14941 14941 32430 32431
19070 19071 28974 28976
83216 83220 10507 10512
97953 97953 36911 36914
58068 58072 26294 26296
41890 41890 8178 8183
23924 23925 87592 87595
50474 50474 69521 69521
77751 77756 97147 97150
73155 73157 10949 10951
85640 85644 3494 3498
1973 1973 58215 58218
78862 78866 35524 35525
53546 53551 94799 94801
59700 59701 78861 78862
39786 39786 18039 18043
21153 21153 57786 57787
66239 66242 43064 43067
32447 32448 73189 73194
86385 86387 24330 24330
42967 42967 77253 77258
58282 58284 54087 54087
41715 41720 38965 38969
26842 26844 7597 7598
19218 19222 83110 83110
7382 7383 1926 1927
77524 77526 82137 82141
99440 99442 70266 70270
60705 60707 54715 54720
82705 82705 44705 44710
18272 18274 12132 12135
2242 2245 61587 61590
63997 63998 12399 12401
1292 1292 33867 33871
70910 70911 9331 9332
42872 42874 74914 74915
12655 12657 3530 3534
40879 40881 9295 9298
25590 25591 18700 18700
11001 11002 71181 71183
70590 70593 5139 5140
74209 74212 93108 93108
83824 83826 52792 52793
38735 38740 28093 28096
85972 85973 61908 61912
78091 78094 75073 75073
34772 34772 3071 3073
29472 29475 85850 85854
38136 38138 91763 91765
6229 6234 67327 67331
69961 69962 72104 72105
72565 72566 70347 70351
90673 90677 36697 36702
85319 85319 31542 31542
10392 10393 34013 34013
12246 12248 64378 64380
3880 3883 4654 4654
33673 33673 20750 20751
63017 63019 81380 81382
35242 35243 23917 23921
73189 73191 38393 38398
75299 75300 95631 95636
80612 80614 78342 78346
43035 43037 47181 47186
41551 41556 17764 17767
20220 20225 90176 90181
30415 30420 54754 54759
78000 78004 73845 73850
26423 26426 6523 6524
78127 78130 27507 27510
88398 88398 12661 12664
9550 9550 25173 25177
35231 35233 80861 80861
5443 5448 76042 76044
17074 17076 4428 4428
16215 16220 22985 22985
17745 17748 76314 76315
50355 50357 62189 62189
34500 34504 45186 45186
48992 48997 53486 53487
10837 10839 79227 79228
54918 54921 37381 37383
67660 67663 95166 95170
94576 94580 74571 74572
51986 51988 5 9
65190 65192 95290 95291
67985 67987 56778 56779
91216 91216 57450 57451
2546 2548 40419 40422
36953 36956 10132 10135
85245 85248 23788 23791
72104 72109 22865 22865
73659 73663 68124 68125
89928 89933 40122 40125
78934 78938 86925 86928
58144 58145 15689 15693
56758 56763 65847 65847
53499 53502 34837 34837
28965 28965 13556 13560
72544 72549 21209 21213
21931 21933 51133 51138
88217 88222 33454 33456
70130 70130 9835 9837
9808 9812 76011 76016
16162 16164 62262 62263
20844 20844 24682 24687
88772 88777 74968 74972
92215 92216 71813 71814
57730 57735 48618 48622
34714 34719 72180 72180
91589 91591 55941 55942
27998 28002 688 690
18101 18102 47489 47494
40940 40940 21907 21911
31163 31166 40280 40283
54861 54866 20660 20665
21921 21924 89218 89221
94762 94766 25838 25838
96911 96915 41273 41275
5516 5517 88409 88414
38031 38035 19222 19224
30075 30077 70766 70768
13321 13325 3634 3635
40450 40455 93735 93738
73735 73740 72517 72517
1193 1195 379 381
92593 92597 47082 47083
98745 98748 75973 75974
71472 71474 44407 44411
48378 48378 57021 57023
76334 76334 71880 71881
98135 98135 64124 64127
41367 41372 56284 56287
92169 92170 31221 31225
93125 93130 3892 3895
44761 44762 55268 55268
28552 28554 74047 74050
35562 35562 89977 89977
57003 57007 39701 39702
31048 31052 52782 52787
9749 9753 41328 41330
51257 51262 56892 56895
43344 43348 83559 83564
86185 86187 11387 11387
48773 48777 47733 47736
24734 24735 72133 72133
91678 91682 60849 60854
78467 78470 45203 45206
51874 51878 15990 15992
48929 48930 58173 58175
36539 36543 13661 13666
71200 71204 92414 92416
23698 23698 74845 74845
91977 91980 96077 96080
56656 56661 9969 9974
31750 31753 76899 76904
18686 18687 78865 78865
9727 9731 81915 81917
1989 1991 81878 81880
38846 38847 68684 68686
89678 89680 79577 79581
87435 87437 68655 68655
17506 17507 85619 85624
6352 6357 61855 61858
90185 90188 72382 72385
87317 87321 85907 85912
50542 50544 36018 36019
37476 37477 10789 10789
95833 95836 24232 24234
50181 50184 9421 9425
3314 3316 37497 37497
95969 95969 16006 16011
59140 59141 62367 62371
71778 71779 16998 16998
78515 78520 34698 34701
99285 99286 99815 99820
81346 81349 71459 71461
65178 65180 59000 59001
38318 38320 16659 16662
67590 67592 83861 83862
67966 67971 44052 44057
3845 3847 21657 21662
10556 10559 73280 73285
39357 39361 42971 42972
46226 46229 64303 64305
49497 49501 32181 32186
36839 36843 1082 1082
14018 14021 42335 42337
76965 76965 33434 33437
49920 49924 64116 64121
11957 11960 64169 64172
13180 13185 62155 62156
23392 23394 53023 53024
6144 6144 64253 64255
60175 60178 58068 58072
50005 50005 8453 8454
1899 1903 47012 47013
21506 21511 54330 54335
15421 15424 95077 95078
34419 34421 26038 26040
49294 49294 56177 56178
70638 70642 96561 96561
66567 66571 44386 44386
72991 72994 45413 45415
81041 81044 28944 28948
88716 88716 44523 44527
6484 6485 8308 8313
80320 80321 50524 50524
49371 49375 79688 79692
82148 82150 83216 83221
95950 95954 78755 78755
52992 52992 94657 94660
50709 50712 12384 12385
52413 52415 97992 97996
83387 83390 82519 82519
64549 64554 20701 20706
27303 27305 56833 56833
68833 68833 5691 5695
13924 13925 17943 17947
65432 65437 88312 88317
58233 58235 74259 74260
57302 57303 74320 74325
593 598 50957 50960
95425 95430 3290 3294
8531 8535 830 830
53445 53445 10736 10738
93193 93196 97023 97028
71272 71275 7947 7947
96413 96414 5897 5900
80533 80538 96675 96677
80054 80056 10390 10395
88309 88310 16146 16148
20446 20450 39358 39359
80560 80563 47057 47058
26462 26463 21945 21948
78703 78707 42168 42173
14271 14274 2339 2340
92220 92221 24642 24642
25418 25418 43186 43188
85984 85985 40709 40712
55720 55722 43809 43814
14754 14755 76125 76128
90510 90515 41473 41477
11969 11969 20447 20449
67818 67822 72331 72336
27565 27565 87938 87942
2113 2116 30996 30997
59857 59861 22055 22058
7900 7903 99156 99161
68085 68085 14825 14829
5827 5832 3525 3526
54882 54886 71615 71617
11904 11908 50208 50209
70427 70428 42974 42977
82010 82015 39889 39893
17277 17282 43159 43163
74615 74618 49213 49217
70960 70962 35301 35305
61282 61282 21763 21764
74524 74527 96096 96096
82466 82469 80955 80955
13643 13646 79843 79847
93090 93090 63358 63360
11109 11110 58533 58537
88041 88041 71365 71370
8756 8756 34463 34466
29313 29314 24105 24107
76608 76608 87692 87697
53459 53459 42820 42822
9011 9013 97571 97575
51305 51306 72910 72913
46677 46679 23102 23104
21130 21130 41760 41764
31055 31060 17045 17045
26368 26371 44563 44567
77259 77263 30050 30055
17716 17718 56864 56867
61138 61142 32126 32127
60335 60335 28993 28995
1259 1262 54498 54500
50234 50235 75406 75406
4226 4228 6118 6122
1470 1471 18240 18241
39229 39230 868 871
2596 2600 41616 41620
87400 87403 8405 8409
3797 3797 35768 35769
97673 97674 63313 63313
13593 13598 98319 98320
98284 98284 92307 92308
47419 47420 87344 87345
45335 45338 12561 12564
57155 57156 99507 99510
61333 61333 18855 18855
92729 92734 44626 44630
13199 13199 74540 74541
36680 36685 18148 18151
12365 12367 89626 89626
11543 11544 96036 96041
92792 92795 59178 59179
41521 41522 47370 47370
58490 58490 37556 37557
87037 87037 3247 3250
63291 63293 42290 42294
24966 24970 28140 28143
58309 58311 14109 14112
30163 30164 43003 43003
64416 64421 96654 96654
64686 64687 91027 91030
34358 34363 51293 51296
14113 14113 94095 94099
32591 32594 6212 6214
20339 20339 67015 67019
2484 2488 63419 63423
74318 74321 74101 74103
90191 90191 26396 26400
61307 61311 45616 45618
57129 57132 48800 48801
32163 32166 57491 57492
29194 29194 80288 80292
77391 77396 71542 71546
80443 80448 88053 88056
80328 80329 53554 53557
94758 94759 29751 29751
71447 71449 82496 82497
79333 79334 52186 52191
12332 12332 62408 62411
97883 97887 80439 80442
83961 83966 74921 74921
20930 20930 69042 69046
24452 24452 99068 99073
91394 91397 51268 51273
68981 68985 46042 46042
88422 88423 16804 16806
55637 55640 57499 57503
61878 61882 21420 21422
41294 41297 41753 41758
63514 63518 42966 42968
80201 80204 90285 90290
1277 1280 90522 90522
81742 81746 95887 95892
46694 46697 2737 2742
78214 78214 14265 14266
27616 27617 33205 33210
26107 26107 18980 18983
57525 57529 46633 46635
30151 30154 82628 82632
54302 54305 58592 58592
19718 19718 55970 55974
62750 62754 28643 28644
25977 25982 52560 52563
33887 33887 48043 48047
36330 36334 13127 13128
99113 99114 65808 65813
18080 18080 57121 57123
2021 2025 84780 84782
3813 3814 95126 95128
59421 59423 65688 65688
14586 14591 92140 92145
73920 73920 26805 26808
66020 66020 91042 91046
68648 68650 47249 47254
99011 99012 66189 66193
9092 9093 88568 88568
42650 42650 81569 81571
45580 45581 92713 92715
62678 62683 53542 53546
84582 84583 69216 69220
96511 96511 73493 73494
86970 86973 69398 69399
39922 39922 13219 13219
91905 91907 66710 66713
2294 2297 56481 56486
84395 84399 90074 90078
84783 84784 3433 3435
70790 70795 61740 61745
47879 47883 54227 54230
82909 82909 14885 14885
23847 23848 75642 75645
10263 10263 25054 25055
11222 11226 90420 90425
49983 49988 16977 16982
49440 49443 38877 38880
7836 7837 48886 48891
96844 96849 55340 55344
26137 26138 89894 89894
47203 47206 9883 9886
14205 14205 38842 38845
15022 15023 83139 83144
55890 55892 62059 62063
66712 66715 20476 20476
51361 51363 9939 9940
76647 76651 4993 4995
86132 86132 2314 2317
83622 83622 93768 93773
50962 50964 59497 59502
16478 16480 26957 26957
3973 3975 9289 9291
70295 70298 44231 44231
25014 25018 58084 58087
68186 68188 88272 88277
19150 19153 34545 34545
1393 1396 35873 35878
71478 71483 9387 9392
5668 5669 43250 43250
8791 8793 52010 52015
72061 72065 29661 29663
99674 99674 75688 75691
63364 63364 21083 21087
7112 7115 26972 26976
23267 23267 97668 97673
30345 30345 50689 50689
3490 3495 7922 7923
30376 30379 48783 48785
98347 98352 49054 49054
64525 64526 92287 92288
68550 68554 55745 55747
79104 79104 5514 5515
61052 61057 20499 20501
3916 3917 78601 78602
1719 1719 82478 82479
25113 25114 18358 18363
53727 53731 3819 3819
72335 72340 75593 75593
42878 42882 15458 15459
67928 67929 41627 41632
95677 95679 16653 16656
21374 21374 22533 22533
52323 52324 86341 86342
78440 78444 19297 19301
37372 37375 82658 82661
55809 55812 2567 2569
76302 76306 3423 3424
11728 11729 3055 3056
13540 13543 51250 51250
17247 17247 72085 72086
30663 30664 81015 81017
70455 70459 77711 77715
67713 67717 84439 84444
17830 17834 3015 3020
28339 28341 29219 29222
97007 97007 44215 44218
72354 72354 9636 9640
12069 12069 2976 2978
73521 73521 30939 30943
68052 68052 44265 44265
73564 73564 60130 60133
42825 42827 41087 41091
86127 86129 46573 46573
18292 18294 42765 42765
66963 66968 30261 30263
68923 68924 42861 42863
58769 58772 51603 51603
82825 82826 90775 90777
95313 95313 53152 53153
72455 72456 57318 57323
71455 71456 50892 50896
29428 29433 93586 93586
97983 97987 59549 59550
36822 36823 7585 7590
53990 53993 35169 35170
27276 27281 10264 10264
56412 56417 20370 20373
68317 68321 46160 46163
5643 5643 9031 9036
24661 24663 33601 33602
60285 60286 95387 95389
63770 63774 95878 95882
40569 40574 75878 75883
80920 80925 37622 37622
93929 93929 58241 58243
16149 16149 39178 39178
62327 62330 96006 96008
95612 95614 4125 4129
27562 27562 72236 72237
11798 11803 15334 15339
68907 68909 29918 29921
19110 19113 10084 10084
57412 57412 71392 71396
99585 99588 81447 81450
14091 14093 13923 13926
77990 77995 90577 90581
21993 21994 38337 38338
93790 93791 87801 87805
28370 28370 92858 92858
36715 36717 94993 94997
88321 88324 35285 35287
44274 44276 87304 87309
76946 76948 44311 44312
22319 22323 72744 72748
60743 60743 96594 96595
63597 63599 90499 90502
71240 71240 80541 80546
88980 88983 96884 96888
57343 57348 45906 45909
44716 44719 70195 70195
75924 75924 72873 72874
40976 40977 41020 41020
13847 13849 85504 85507
45725 45728 96580 96585
91996 91996 20607 20611
36739 36741 25434 25438
44790 44793 77841 77846
85164 85166 50934 50939
14320 14320 44782 44787
6560 6561 48658 48658
88241 88243 78223 78225
61001 61006 70151 70154
31728 31732 1666 1669
36700 36705 77982 77984
39679 39684 54662 54664
38488 38490 97331 97332
15962 15964 1970 1975
87084 87087 46085 46085
426 428 58720 58724
8482 8483 27596 27599
78360 78361 94919 94923
38531 38536 13698 13699
83981 83981 61090 61092
90326 90326 4671 4673
40594 40595 57096 57097
88647 88651 2302 2302
56720 56725 50421 50425
71805 71805 7574 7574
73569 73571 82977 82977
87323 87325 10048 10050
37401 37405 74578 74583
38334 38336 54731 54736
80886 80891 12731 12734
23114 23119 70234 70235
86256 86257 10959 10963
39842 39845 15362 15367
4698 4698 72552 72556
5287 5289 37707 37708
52845 52847 75848 75849
12323 12328 75344 75347
67539 67539 88295 88300
45590 45594 43359 43359
98754 98757 51437 51438
80029 80032 13063 13065
97303 97304 70615 70617
60211 60214 84186 84187
14311 14315 59296 59299
73535 73535 98544 98549
41466 41467 83713 83716
96491 96491 47362 47364
40377 40380 4179 4179
7200 7205 29545 29546
68078 68079 78574 78576
103 107 95295 95298
22274 22275 60684 60687
87753 87756 89595 89597
28989 28992 11046 11050
77199 77201 67032 67032
49448 49452 91316 91320
97122 97127 95278 95278
11181 11185 61040 61040
21643 21645 14999 15004
24468 24470 8115 8116
39347 39352 87370 87374
71175 71176 98134 98136
87779 87781 91970 91972
84974 84979 7121 7123
46244 46244 56119 56124
45843 45846 1310 1315
93951 93952 58434 58439
56318 56321 8437 8439
28284 28289 97788 97791
90776 90779 22801 22803
59110 59114 99007 99009
24331 24335 54601 54606
56576 56581 31606 31607
98913 98913 96961 96966
97023 97024 72147 72152
69 69 12306 12306
90545 90546 51863 51864
33080 33085 44975 44979
92064 92065 78908 78911
85732 85736 43410 43410
15188 15190 35226 35230
23763 23764 23698 23703
91063 91068 73323 73323
12908 12912 71306 71307
9649 9650 46728 46728
64281 64281 55891 55892
34476 34481 72298 72300
50692 50694 30820 30824
37264 37264 77161 77163
83092 83092 57432 57435
59462 59467 6111 6116
70483 70484 57190 57190
25368 25370 6981 6985
29066 29071 39401 39401
81775 81777 56212 56214
65858 65862 24441 24441
20019 20019 84228 84232
13316 13317 56816 56818
95821 95824 93711 93714
98233 98233 8645 8650
4039 4043 70317 70321
23850 23852 88755 88756
80265 80266 81081 81081
33088 33093 66482 66483
71677 71678 36073 36074
29028 29032 27675 27679
62987 62989 72089 72094
65374 65374 62344 62344
79421 79422 1857 1861
24985 24985 84496 84498
21723 21728 35577 35578
34173 34175 75694 75697
29582 29585 44858 44862
68338 68339 59738 59739
30848 30851 6271 6271
48163 48166 46221 46224
1434 1438 64703 64704
87063 87067 12513 12517
16291 16295 77492 77497
52857 52859 34350 34350
11015 11019 13943 13946
95024 95025 75180 75180
11373 11376 83040 83045
29310 29310 23977 23982
51973 51973 87813 87816
22979 22981 79083 79084
21812 21817 4720 4725
20551 20556 70142 70146
45438 45440 65426 65430
39984 39987 32956 32961
77482 77486 15299 15303
62089 62092 91966 91968
50594 50598 70876 70878
93755 93756 90844 90844
50191 50192 43670 43675
91822 91824 87505 87505
68698 68703 67370 67373
46763 46765 17396 17397
78540 78543 65106 65107
93468 93470 19070 19073
57582 57583 422 422
45801 45805 66922 66925
36201 36205 37183 37185
62172 62172 49327 49328
42982 42987 65078 65078
25309 25314 43206 43207
51790 51793 99717 99721
71670 71674 15882 15885
71049 71053 45987 45990
30818 30819 9355 9355
57938 57940 4184 4186
8353 8355 53621 53626
31111 31113 29940 29943
84558 84559 95930 95931
50263 50266 74625 74627
82004 82005 13524 13525
59500 59500 77526 77531
57659 57660 80635 80637
66699 66701 711 713
39719 39719 798 802
18638 18643 92372 92374
24896 24901 31299 31304
72206 72206 21688 21689
34930 34930 75117 75118
2387 2391 93292 93297
68837 68842 92365 92366
32302 32307 80560 80565
15 17 19952 19956
98860 98864 23855 23859
51785 51785 86147 86150
7390 7392 1239 1242
24013 24015 21702 21702
1646 1647 44098 44102
74700 74704 816 816
34383 34383 81818 81818
29839 29840 89572 89576
68255 68259 97693 97693
87121 87121 16909 16912
6757 6759 60082 60085
60266 60268 35602 35602
46501 46504 780 785
33193 33198 2452 2452
66133 66134 70329 70330
80618 80620 49006 49009
20653 20654 46353 46354
71346 71348 723 726
3687 3691 74425 74426
52426 52430 55643 55646
65006 65010 75752 75756
95354 95359 87584 87586
38217 38222 28153 28154
37931 37935 4347 4352
13123 13123 4452 4454
10340 10345 52258 52260
75383 75386 39062 39063
32212 32216 48844 48846
57219 57219 8167 8167
4169 4173 91274 91278
43540 43545 58161 58164
69503 69508 89679 89679
72651 72655 88731 88732
69801 69801 12740 12745
79810 79814 98282 98284
25137 25142 99458 99459
33123 33123 93974 93979
75614 75617 69187 69191
45015 45019 16985 16988
53786 53790 5311 5314
79686 79691 29644 29649
54126 54126 82447 82448
54905 54906 37543 37547
72739 72744 32076 32080
25626 25631 85605 85610
98338 98341 5839 5842
69426 69428 31068 31072
19700 19705 37778 37783
86536 86538 6856 6861
47138 47140 83980 83983
52520 52525 85440 85442
85557 85558 37272 37273
32952 32956 47870 47874
36118 36120 3663 3664
95971 95976 94555 94558
5389 5390 71240 71242
12306 12309 10895 10900
1477 1482 50398 50403
10918 10923 77321 77322
34270 34272 24003 24007
92536 92541 32066 32067
94470 94474 60738 60739
96163 96163 88514 88516
53623 53625 56898 56902
6506 6510 18500 18505
72266 72268 37171 37171
49482 49483 776 776
56158 56158 74015 74016
66267 66269 86720 86724
63577 63580 69306 69311
24670 24673 68174 68175
42462 42466 37903 37904
17900 17904 44737 44741
43045 43049 95322 95323
57717 57717 75167 75170
29019 29022 53961 53964
53162 53164 22693 22696
20073 20075 44820 44821
95092 95092 46092 46095
29369 29369 49365 49366
72316 72317 846 849
92884 92886 90373 90376
28235 28235 97474 97475
69057 69061 79069 79069
31498 31502 90243 90244
84492 84495 60821 60822
23522 23525 21353 21353
61276 61277 5735 5735
56444 56445 44109 44112
69466 69470 52652 52655
58689 58694 64905 64910
61711 61712 99741 99741
27769 27769 65204 65206
95302 95307 84722 84727
15535 15535 33897 33900
97285 97287 88357 88358
2987 2989 87712 87717
61813 61817 18099 18099
98981 98981 15559 15562
1912 1914 20761 20762
77047 77047 78025 78030
18460 18464 20589 20589
58326 58327 98637 98640
39305 39309 39431 39433
17708 17710 75467 75467
77705 77709 70272 70272
66758 66759 59217 59221
50623 50624 92924 92929
84967 84968 54644 54647
61678 61678 17921 17925
56279 56282 70624 70624
11741 11743 41744 41748
14597 14601 43615 43620
15011 15016 53756 53759
97054 97054 81866 81870
36978 36980 98334 98339
11917 11921 13152 13152
81267 81271 5485 5489
31611 31613 67672 67676
38543 38548 18628 18632
69328 69329 49611 49615
52143 52147 88571 88574
4469 4473 64276 64278
1756 1757 84811 84814
91860 91863 74730 74731
63327 63331 73549 73551
45377 45379 3131 3133
86914 86915 16259 16263
20043 20046 87724 87727
97411 97415 68888 68892
59398 59398 14715 14718
56898 56900 53183 53183
13467 13470 91649 91649
78791 78795 33169 33174
55986 55991 17525 17525
57404 57404 79558 79560
31478 31481 11697 11702
18793 18794 4376 4376
80686 80686 64719 64724
31671 31671 46272 46272
38917 38921 63911 63912
23728 23731 43510 43513
8515 8515 69682 69684
46448 46452 57386 57389
27606 27610 44518 44519
8863 8863 48993 48997
35762 35762 49107 49107
4388 4388 56270 56274
3129 3131 61557 61561
86617 86619 75306 75306
85662 85665 20032 20037
23240 23243 9198 9198
93863 93864 89779 89780
66817 66818 32599 32602
22803 22804 97907 97908
1650 1652 62932 62932
67748 67749 82619 82621
87460 87463 69886 69889
63682 63683 1637 1641
49472 49473 26894 26899
51798 51803 75818 75820
50831 50831 98910 98915
21418 21419 43523 43525
14650 14651 63814 63816
26374 26376 6376 6378
65930 65934 59999 60000
81204 81208 94387 94390
92252 92254 11709 11712
75816 75821 7358 7358
58609 58612 95563 95568
85344 85348 9776 9781
95503 95507 67299 67303
38637 38641 1452 1457
8254 8255 76425 76425
23545 23547 20650 20652
8617 8620 16310 16312
76045 76048 36165 36169
97175 97179 93251 93254
58192 58195 68724 68729
52627 52627 66762 66763
45902 45905 62352 62355
82756 82761 94755 94756
35630 35634 38611 38614
33849 33852 87702 87705
64877 64880 30063 30063
75128 75133 79186 79189
42806 42807 27957 27961
31286 31286 11264 11264
90938 90943 46960 46961
54873 54874 97848 97853
89440 89443 8859 8864
30220 30225 39795 39799
58130 58131 33710 33711
82456 82461 91660 91663
60537 60542 16802 16802
44837 44841 13178 13182
54750 54755 2705 2707
11356 11357 16215 16216
16714 16714 9010 9011
26087 26090 42844 42847
