100002 100002 1000
97499 97504 44086 44087
79707 79712 68614 68616
42399 42403 12598 12603
79409 79410 51077 51078
13252 13256 96759 96764
57068 57071 4881 4883
706 707 77982 77982
92545 92550 14414 14417
48907 48910 71474 71475
5508 5512 4481 4486
19126 19131 20982 20987
17420 17424 18191 18191
29655 29656 62352 62355
3820 3820 830 835
61252 61252 90660 90662
74939 74943 6993 6998
77297 77299 60440 60444
73196 73201 91439 91444
21811 21814 78224 78228
80917 80920 252 254
65088 65091 71763 71764
24075 24076 90556 90559
45229 45229 80804 80807
51746 51748 47095 47097
61197 61201 84552 84552
91249 91250 83887 83888
63543 63546 59685 59690
25900 25904 53450 53455
50784 50785 34848 34851
4423 4425 81166 81169
92955 92959 92829 92829
33369 33372 23806 23809
99200 99200 22787 22787
62805 62805 98113 98116
35585 35586 87892 87896
49937 49941 61339 61340
37973 37976 81592 81595
49826 49828 7185 7187
13937 13939 67506 67510
51965 51968 49672 49677
86184 86186 57767 57768
78295 78299 95877 95882
51025 51028 78334 78334
87013 87017 20238 20240
72545 72549 63673 63677
28827 28827 66663 66665
48492 48493 89376 89377
52400 52401 88372 88377
11687 11692 34006 34008
727 727 69756 69760
42952 42952 51841 51845
32998 33000 73635 73639
38563 38563 36486 36489
46387 46387 77710 77711
6126 6129 48329 48334
32369 32374 68803 68803
30524 30524 59535 59538
45942 45944 72453 72454
6341 6346 76415 76415
89110 89115 16091 16095
34427 34428 17244 17244
63688 63691 22025 22029
78037 78041 97836 97837
69504 69508 21875 21876
83048 83049 4275 4279
17074 17077 20256 20260
92392 92394 22071 22075
67573 67574 74741 74743
35146 35148 95804 95805
18460 18461 83253 83253
64676 64676 9737 9741
95965 95966 34726 34729
20682 20684 32801 32806
64429 64431 9390 9394
87025 87030 82217 82217
76961 76961 20433 20434
79247 79247 89383 89386
37422 37426 77556 77559
13720 13721 61216 61220
27298 27298 83961 83964
82087 82092 30734 30734
41441 41444 34230 34233
14844 14845 54831 54833
67146 67146 11548 11548
59999 60001 37700 37703
3603 3604 18450 18455
78531 78534 79443 79444
5136 5141 96859 96862
62174 62174 38688 38688
43254 43257 29692 29694
13509 13510 32432 32435
30075 30076 39452 39454
87501 87502 21672 21673
72948 72951 65982 65982
11659 11663 12941 12945
94612 94614 26759 26762
98772 98774 49540 49540
74738 74741 80445 80446
61468 61472 53202 53202
10211 10215 35781 35784
59354 59355 80349 80352
40315 40320 68292 68292
19233 19235 33193 33194
83247 83251 45534 45537
51240 51242 57818 57818
65333 65338 12665 12670
59938 59938 73335 73336
71553 71557 3097 3102
93221 93222 53605 53609
4200 4205 78852 78853
44422 44426 81863 81868
76992 76996 90335 90335
13658 13660 14275 14280
15357 15359 21774 21775
95734 95734 50975 50976
72693 72694 78679 78683
35886 35891 66910 66911
66812 66812 94911 94914
53849 53851 60743 60746
5191 5194 61898 61899
69098 69102 22494 22498
70668 70669 24958 24961
11896 11901 24264 24267
26751 26751 39680 39683
48534 48537 20011 20013
8534 8539 35476 35481
32506 32509 27850 27855
99205 99207 12032 12032
20697 20698 15115 15120
22529 22533 33992 33995
29704 29709 36628 36628
35840 35841 16018 16018
68892 68892 62089 62090
31574 31574 57667 57667
28906 28910 59567 59568
95736 95738 48831 48833
18758 18759 4779 4784
7740 7741 58700 58702
90503 90505 58978 58982
54902 54906 43023 43025
58144 58147 51130 51133
37095 37100 46678 46680
18786 18791 91337 91342
881 884 91357 91361
44734 44735 94507 94509
40979 40980 16690 16693
42531 42535 67030 67034
95842 95842 96188 96191
1193 1193 83152 83157
38355 38357 76319 76324
37826 37831 65694 65695
13979 13981 53025 53025
52197 52202 16772 16777
56942 56947 31493 31495
4487 4487 81543 81545
43171 43171 78962 78967
64828 64828 37166 37170
28429 28433 95755 95755
9625 9628 81948 81948
55523 55528 31479 31482
6739 6742 88151 88156
59672 59676 95994 95999
92064 92068 131 133
28802 28805 8505 8506
84021 84021 7014 7014
95958 95959 92121 92122
12710 12711 15365 15367
74121 74124 55711 55714
3336 3337 33124 33126
15919 15923 15569 15570
76560 76563 81833 81834
55743 55746 33747 33747
24500 24504 19064 19069
85804 85807 30793 30796
38312 38314 17816 17817
14733 14738 67418 67420
58722 58724 57868 57872
21557 21559 73770 73775
83798 83803 7449 7449
96186 96188 38334 38339
12186 12187 55845 55850
37489 37491 97148 97149
55906 55911 31797 31797
27663 27665 44775 44778
2339 2344 94221 94225
45033 45038 25094 25099
68723 68725 45075 45078
9620 9620 71197 71201
70982 70986 18316 18319
79461 79465 72976 72979
55025 55029 92764 92767
99632 99636 95014 95018
32810 32814 72073 72073
40395 40396 13028 13029
75269 75270 91864 91864
10060 10061 41389 41394
94040 94045 63597 63599
25830 25831 28999 28999
15895 15898 66990 66990
21071 21076 74232 74235
23095 23098 66784 66785
16220 16224 73956 73959
91086 91089 90503 90505
73346 73350 39664 39669
21680 21681 45161 45165
79638 79642 63361 63361
51763 51768 49802 49804
62348 62352 80668 80669
4587 4590 8240 8243
74829 74833 21792 21797
98838 98839 98788 98791
5231 5236 83966 83967
5812 5817 3260 3263
41157 41157 89360 89364
73768 73772 59666 59669
15780 15783 53691 53693
23432 23435 10507 10508
24898 24900 93891 93896
95145 95147 2156 2157
66900 66905 8078 8078
23808 23813 90362 90364
84365 84367 31873 31875
91233 91234 78394 78395
6181 6184 9312 9312
19139 19144 98769 98774
49070 49070 72945 72949
67226 67230 49829 49834
43359 43360 25496 25498
82138 82138 33818 33820
99980 99985 92731 92732
23225 23228 14964 14968
88811 88816 6943 6946
13197 13199 81402 81402
20336 20339 16297 16297
92681 92681 65265 65265
98640 98641 60829 60832
49443 49444 17052 17055
95649 95650 41856 41857
47472 47477 61953 61956
13175 13177 18297 18298
19524 19525 16550 16552
80936 80936 55563 55566
1878 1882 41166 41170
9480 9484 31131 31134
32410 32415 92736 92741
40844 40846 78288 78288
39684 39685 46656 46657
41482 41483 35085 35090
88523 88526 67763 67767
2166 2169 75255 75257
54306 54311 84639 84641
90790 90791 20948 20953
59551 59552 51655 51658
17742 17745 88297 88298
77591 77591 52593 52598
57699 57701 87195 87198
66879 66879 85827 85831
60731 60731 72526 72526
98444 98447 88385 88388
61130 61132 20167 20169
86738 86740 70192 70194
60616 60619 34165 34165
14978 14979 57347 57347
54113 54114 67061 67062
27926 27929 48238 48241
84724 84724 57814 57815
91604 91605 39131 39132
68051 68051 24891 24896
951 951 24075 24077
55464 55465 26245 26245
80562 80564 87721 87724
5863 5868 41370 41373
85338 85338 3676 3678
81253 81257 44604 44609
80900 80902 3784 3789
42296 42296 2323 2327
23493 23494 67667 67667
8596 8600 322 323
12977 12978 18656 18659
15022 15027 52783 52786
77887 77892 49493 49495
13628 13629 53310 53314
57666 57668 53240 53245
11474 11474 9301 9306
80496 80499 90285 90289
32934 32935 52985 52986
39870 39875 94297 94299
6636 6637 63279 63284
16450 16455 37089 37094
85561 85563 5627 5627
19598 19600 9098 9102
64090 64093 77401 77402
97982 97983 41482 41486
35354 35355 78196 78197
44703 44706 57304 57308
4035 4040 48158 48161
19260 19260 78737 78742
53385 53387 84158 84162
81770 81771 11641 11643
2819 2820 23288 23289
4124 4124 3062 3064
89636 89637 95729 95730
22281 22285 99308 99313
87426 87429 814 818
42342 42343 88002 88003
47666 47668 65557 65561
85415 85416 92314 92315
87113 87114 62601 62603
31617 31621 5724 5728
67772 67775 68625 68628
18026 18029 30219 30221
51520 51523 93104 93105
42550 42554 1548 1549
23593 23595 44077 44079
20122 20126 24038 24040
79982 79984 53388 53389
62732 62732 3068 3070
58274 58276 5907 5912
34048 34048 41587 41590
56556 56559 1970 1970
69807 69810 88744 88746
80772 80772 47612 47615
71857 71861 51810 51811
92445 92446 79510 79511
71415 71418 78423 78427
25293 25293 90758 90759
6934 6939 7275 7279
82856 82861 57393 57395
5762 5766 6757 6760
420 421 74779 74782
49458 49460 79754 79757
22773 22776 88651 88652
26778 26780 96893 96898
68400 68403 25763 25767
71758 71762 19908 19912
63723 63725 99531 99536
89028 89030 92549 92551
79505 79506 93380 93383
65107 65111 64025 64025
58347 58352 39525 39527
266 271 14699 14704
56933 56935 4559 4561
81300 81302 21983 21985
95540 95543 53319 53320
90951 90954 72410 72415
90543 90545 90864 90869
85303 85307 77346 77350
54634 54637 49808 49813
48409 48412 87484 87489
34649 34654 12109 12114
33747 33748 58091 58095
20841 20844 62649 62649
80033 80034 69510 69513
66039 66044 98589 98594
16895 16897 21272 21275
64396 64401 82428 82431
62648 62651 72789 72790
46816 46819 72241 72245
63906 63910 68930 68932
55365 55367 67839 67843
97427 97430 78541 78545
49659 49663 53342 53342
18366 18370 75454 75456
92660 92660 84632 84635
92314 92317 90201 90205
6033 6036 50165 50166
29822 29827 83554 83557
57373 57378 53150 53150
25357 25360 44431 44434
57741 57743 5650 5651
26262 26265 69173 69177
46180 46180 28228 28232
53111 53113 67219 67223
57685 57688 6455 6455
47909 47912 21389 21392
74518 74520 89618 89621
4278 4283 73641 73644
36667 36668 7481 7485
56606 56610 67180 67184
16859 16861 79057 79061
59955 59960 10074 10078
54794 54796 9055 9059
48137 48142 75097 75101
42716 42719 26088 26089
74133 74137 10766 10766
65447 65451 37233 37237
14753 14756 42528 42529
8741 8742 83116 83116
75101 75104 31353 31358
55698 55698 55328 55328
23377 23381 13344 13348
4266 4270 93085 93089
25330 25331 80252 80254
62965 62968 96721 96721
43533 43534 19848 19850
18094 18095 53221 53222
31509 31509 81334 81334
66746 66750 34585 34587
50108 50109 23151 23156
88331 88336 4847 4849
45086 45088 98243 98247
72344 72346 24220 24223
97893 97896 47192 47194
90743 90747 96442 96442
12769 12769 67529 67531
20253 20257 70639 70643
99175 99179 82491 82492
79840 79843 29792 29796
31788 31792 11827 11827
2196 2199 76305 76307
88837 88840 49943 49947
69679 69683 99144 99149
57350 57352 77130 77135
59877 59879 75753 75757
22374 22374 32115 32119
30520 30522 70134 70139
97207 97210 21888 21888
35539 35544 81336 81338
87338 87342 81502 81502
3954 3957 95614 95615
81011 81011 66670 66672
51820 51820 75552 75552
7939 7941 42283 42283
95871 95871 3562 3564
48271 48271 63100 63100
15105 15105 7138 7143
56619 56620 71396 71397
67334 67338 56589 56593
36366 36369 93354 93356
34820 34823 48911 48916
9003 9004 69970 69975
80462 80467 7694 7694
22905 22909 20610 20610
95132 95135 35919 35919
19275 19278 46813 46815
84992 84995 48566 48566
69719 69723 55785 55788
84241 84246 50953 50957
9426 9426 91244 91247
64004 64009 11340 11345
26193 26198 17418 17423
58092 58092 57382 57382
69257 69261 31271 31275
88193 88196 99609 99612
58703 58706 70154 70155
373 377 51597 51597
10648 10653 46104 46108
79416 79420 87956 87961
29811 29811 17863 17863
27942 27944 42884 42888
20903 20907 32375 32380
27279 27279 57179 57181
4795 4795 30774 30778
89537 89537 68056 68056
90641 90643 92818 92822
81920 81923 46931 46933
39860 39864 98639 98640
77737 77742 3508 3512
79904 79904 55732 55732
87645 87645 3366 3366
94057 94061 60837 60841
69649 69650 13615 13617
40996 40998 81096 81098
68921 68924 1653 1657
12743 12747 97345 97347
99468 99473 22427 22432
71239 71239 20822 20825
7805 7809 41992 41995
55415 55420 43820 43825
2050 2051 66720 66721
28462 28467 90920 90925
90256 90259 81384 81387
45409 45414 22094 22096
12828 12829 38374 38377
90819 90822 31427 31430
61051 61055 22877 22879
41164 41169 88718 88723
36738 36741 87764 87769
11630 11633 53906 53907
77990 77995 44366 44370
31867 31868 94962 94962
40887 40891 35707 35707
14104 14108 15076 15077
86406 86408 96297 96298
49520 49520 14889 14892
87269 87271 36454 36458
31737 31740 32166 32171
73126 73129 21973 21975
43272 43274 57569 57572
47136 47137 12636 12640
19218 19221 18525 18529
60391 60392 29215 29220
52620 52620 57057 57060
82897 82898 53829 53833
83563 83567 86609 86611
41714 41714 55184 55186
44740 44745 20626 20627
44576 44580 70248 70251
1291 1292 54857 54862
32687 32692 53776 53780
21847 21848 61467 61471
76603 76606 31213 31217
29669 29672 41286 41287
72077 72079 65925 65927
75318 75318 27646 27647
88867 88870 5895 5896
10972 10974 99866 99867
78480 78484 2615 2620
54093 54093 23872 23873
32169 32171 75036 75038
66501 66506 55130 55135
90722 90727 83806 83811
74072 74076 631 636
59152 59154 75615 75617
31095 31097 53110 53110
86716 86716 9022 9027
60630 60634 67005 67005
39804 39807 64799 64804
13003 13008 86386 86388
23844 23845 34120 34121
9164 9165 64409 64414
8618 8620 43678 43683
35436 35439 63735 63736
59042 59047 83269 83274
26817 26822 90769 90771
20865 20870 94755 94757
51040 51040 63180 63181
85981 85981 44797 44802
93630 93631 17165 17165
74154 74159 72055 72055
91023 91024 72634 72637
26014 26015 31063 31063
64810 64815 11606 11609
53709 53711 2754 2756
18179 18183 58248 58251
59308 59312 27580 27582
23246 23251 42420 42424
87153 87154 79883 79885
10081 10084 63359 63359
88048 88052 435 438
4977 4979 64046 64051
89662 89667 53274 53275
3059 3060 7847 7850
81084 81084 34701 34702
44286 44290 86041 86045
19297 19301 24871 24873
18136 18141 15962 15964
83095 83095 55192 55197
3510 3510 7149 7151
8723 8724 28167 28172
66349 66353 16569 16573
20465 20468 18721 18725
23536 23540 40784 40789
16695 16695 67498 67501
36891 36894 94101 94105
70292 70295 54267 54269
50014 50015 42550 42554
32084 32089 34358 34360
19722 19725 69635 69638
71500 71501 40125 40126
38668 38673 81317 81322
94781 94783 69827 69828
4921 4925 37346 37351
54876 54877 86319 86321
91750 91753 20318 20319
11453 11455 19782 19784
75145 75145 68671 68673
36983 36986 33611 33615
77111 77112 87338 87341
69085 69090 93124 93129
85827 85831 73444 73444
63334 63334 51191 51196
1093 1094 7089 7090
49637 49639 71848 71852
48943 48945 246 249
68688 68692 50331 50336
86968 86969 37306 37307
70108 70108 36631 36634
9812 9812 70815 70816
52286 52290 39233 39235
94745 94746 65421 65422
58827 58828 23196 23200
25083 25087 41671 41671
62487 62487 41070 41072
61296 61301 19315 19318
53689 53689 93053 93055
11851 11855 62870 62872
88356 88359 19468 19471
58532 58537 1716 1716
71215 71218 86466 86467
65773 65774 86419 86420
37645 37650 2147 2147
45981 45984 19575 19577
15849 15850 59558 59560
80249 80252 57275 57280
8049 8054 61531 61534
36870 36875 4440 4443
75905 75905 66309 66309
11821 11825 82366 82367
73132 73136 99953 99955
94588 94592 97963 97966
72508 72511 85792 85793
8881 8886 59334 59334
44101 44101 47384 47387
66659 66663 18516 18516
31420 31423 62077 62080
27109 27114 40474 40474
98614 98617 37526 37526
32717 32717 65086 65087
16169 16173 60709 60712
45776 45776 46979 46982
27914 27915 1618 1619
43011 43016 20912 20914
80172 80172 11392 11397
80955 80960 34825 34825
1799 1803 27701 27703
44908 44913 2259 2259
557 558 85909 85911
109 112 4339 4344
50517 50519 84326 84326
58737 58741 96910 96914
2515 2517 16813 16815
90237 90240 31310 31315
65274 65276 42090 42090
49671 49675 64079 64081
34888 34890 29589 29594
21286 21290 50805 50810
45870 45871 55534 55537
31632 31637 24676 24680
22273 22275 71676 71681
6202 6203 5474 5474
93206 93211 79011 79016
40546 40549 60777 60780
35198 35200 125 127
69465 69467 67633 67633
24164 24167 61253 61253
17714 17717 13985 13988
99068 99073 43792 43793
76190 76194 98818 98818
45625 45628 88783 88784
67164 67166 36769 36774
76211 76213 43926 43926
96877 96878 7345 7350
82305 82306 41273 41277
20166 20169 36152 36154
67897 67900 42109 42113
21658 21661 49755 49759
7791 7792 58951 58956
88448 88452 86910 86910
50970 50974 62621 62622
30125 30125 54759 54764
35470 35473 2466 2470
24469 24469 25274 25274
24447 24450 37149 37150
27853 27854 91517 91520
22820 22821 63858 63858
57547 57548 20565 20567
71504 71504 67206 67207
7971 7973 51527 51529
98521 98524 15678 15681
83115 83117 28215 28217
97396 97401 72672 72673
89654 89656 24843 24847
6550 6551 98031 98034
27676 27680 38503 38505
15316 15316 37586 37587
94351 94356 91153 91154
14595 14598 53548 53550
83846 83847 87694 87696
91543 91546 82980 82980
80246 80247 52418 52421
96583 96587 68702 68702
15507 15508 94323 94327
69222 69225 73727 73730
98738 98743 85510 85510
39467 39467 76013 76014
96105 96108 959 961
11881 11881 44459 44459
61740 61740 15044 15049
74294 74294 90208 90210
1360 1364 14265 14266
67207 67209 30127 30131
16273 16276 81119 81120
42097 42097 14122 14123
45096 45101 22484 22489
90904 90908 91696 91696
77283 77285 93491 93492
25684 25686 2746 2748
72374 72379 84738 84743
26714 26718 35886 35888
9845 9849 36164 36167
74848 74848 6384 6386
79034 79034 5126 5130
46799 46804 83833 83838
17917 17917 17077 17082
51475 51477 64886 64886
56479 56483 39105 39109
54264 54268 31835 31840
32981 32983 82032 82035
29939 29943 53133 53138
84594 84596 17895 17895
27800 27802 10290 10294
43917 43919 37962 37962
18430 18434 64941 64942
33019 33019 36607 36609
88953 88954 44485 44486
2288 2290 71082 71084
24125 24129 14749 14749
17185 17185 96273 96276
28768 28772 92796 92796
76644 76644 6297 6300
21943 21947 46694 46696
69453 69457 12902 12903
98808 98811 21280 21284
55857 55858 34367 34371
74486 74490 96176 96178
51622 51625 26534 26534
27431 27433 32985 32990
22080 22081 61027 61032
26069 26074 23321 23324
63381 63385 38574 38575
45017 45020 70829 70829
62365 62365 66436 66436
8257 8260 82309 82309
32267 32272 74504 74506
44131 44131 50342 50347
74325 74325 31263 31265
48755 48757 77781 77784
85681 85685 28878 28880
10087 10087 48598 48598
67090 67095 58139 58139
9395 9395 84335 84337
79182 79187 33641 33642
50476 50477 22244 22249
69402 69403 6591 6595
5160 5161 15259 15259
1013 1016 49364 49366
26202 26204 89827 89832
85711 85713 24733 24733
45147 45149 43037 43039
87852 87856 83297 83300
44995 44995 28389 28392
62197 62200 93143 93144
15448 15451 10529 10534
87758 87759 11490 11494
86641 86643 8143 8144
16493 16496 63045 63049
11476 11478 79143 79144
97337 97340 70172 70175
15478 15479 59758 59758
24967 24971 42956 42956
68395 68396 99194 99194
20812 20812 18332 18334
56540 56540 91276 91279
67563 67563 12621 12624
63405 63407 8293 8294
44317 44318 43712 43715
66613 66618 46956 46957
88935 88935 29541 29545
47982 47982 94435 94440
96505 96505 36885 36887
53368 53372 50620 50620
22752 22752 93633 93636
9098 9099 18540 18542
89809 89812 95566 95570
41505 41509 71649 71652
37719 37719 20868 20870
68677 68679 28960 28964
82012 82015 10358 10358
2097 2101 66062 66064
82909 82911 19603 19603
23068 23069 68818 68822
13230 13230 65471 65471
29241 29241 34448 34452
90341 90344 58592 58592
70623 70623 25645 25650
88374 88377 81690 81691
75329 75331 27342 27343
93852 93853 32720 32723
51568 51572 30577 30578
44346 44350 1014 1014
36327 36327 17597 17600
85575 85577 56425 56425
238 239 66464 66466
84631 84636 5582 5584
33948 33950 90561 90561
78207 78207 89228 89232
62501 62506 50852 50852
74645 74646 18150 18150
85373 85378 3086 3088
41261 41266 40769 40774
25306 25307 85189 85190
54129 54134 82508 82513
35769 35774 75793 75797
68824 68826 7914 7915
68554 68557 10180 10183
68196 68196 81563 81564
48841 48845 61011 61014
69493 69495 69593 69598
8137 8138 83585 83590
73086 73090 50580 50580
78228 78233 48633 48636
94973 94974 29041 29044
10157 10161 48292 48296
62556 62560 14780 14784
35911 35914 46313 46317
28335 28335 24188 24189
96280 96280 99499 99504
20172 20172 62067 62068
17429 17432 97617 97617
73766 73766 98216 98217
1619 1620 50655 50656
34773 34775 79712 79713
74535 74537 52570 52575
65867 65872 5792 5797
70854 70854 46536 46541
52256 52256 40652 40656
94021 94021 10636 10639
74278 74283 98506 98511
120 125 55949 55954
33236 33240 62111 62113
74006 74010 50094 50095
38142 38145 46319 46323
97082 97086 28927 28930
73058 73058 42185 42186
7932 7933 98006 98006
47035 47040 29452 29453
49081 49085 80983 80985
11954 11956 78789 78789
61799 61802 968 971
79068 79072 53591 53595
29562 29565 47725 47728
19342 19344 93928 93931
36712 36714 59404 59409
65437 65442 96638 96640
15589 15590 17162 17162
20541 20541 42205 42205
40741 40745 26122 26127
20961 20963 56053 56054
74216 74219 20362 20367
46634 46637 18028 18028
7452 7457 99074 99077
26582 26587 71192 71194
86684 86689 34328 34331
86667 86672 78511 78512
69902 69907 49271 49272
75312 75313 46862 46863
65219 65221 96503 96506
3998 4002 36533 36536
81383 81386 74640 74640
65456 65459 81575 81579
74753 74757 28211 28211
78317 78322 17727 17732
14067 14072 10900 10901
65289 65289 16114 16116
16091 16091 71882 71887
42743 42748 10987 10987
81073 81075 28700 28700
48850 48851 64091 64095
79895 79899 72373 72377
31586 31586 84894 84894
48565 48567 33932 33932
25970 25973 21300 21304
37833 37835 75337 75337
35421 35426 48209 48210
6325 6328 28507 28509
16609 16609 325 328
52800 52804 68084 68089
3108 3113 31144 31149
4640 4645 6025 6028
98414 98419 18209 18213
67658 67661 5439 5444
5397 5397 49845 49849
94771 94776 55259 55263
29325 29329 23115 23118
7083 7088 57734 57735
10917 10922 9451 9451
48505 48508 11431 11432
48208 48211 98560 98561
67919 67920 39534 39539
72973 72977 89556 89560
62026 62030 23694 23694
60809 60812 31806 31806
91491 91491 53648 53652
21110 21112 82385 82388
2177 2177 96086 96090
57962 57962 68499 68499
5048 5052 99044 99048
47865 47866 48552 48556
82750 82751 13472 13475
96807 96808 44399 44403
35266 35268 58442 58447
46999 47004 15608 15609
81044 81047 63325 63327
77032 77034 82461 82465
19818 19823 54397 54398
61841 61845 46184 46188
85082 85083 44205 44208
72102 72104 26495 26500
57497 57500 71124 71125
700 704 77254 77255
50625 50629 96059 96062
95298 95298 69470 69474
23354 23359 86515 86519
54894 54894 31887 31890
8296 8300 97455 97457
29139 29141 18000 18002
74360 74362 40457 40457
31512 31517 37554 37559
81764 81765 33201 33205
7138 7138 60669 60674
66458 66460 91698 91701
8376 8381 30412 30417
38830 38831 56464 56464
13493 13493 91025 91030
45948 45953 39239 39241
38565 38566 69241 69242
20756 20761 40990 40995
15634 15638 49743 49745
72843 72846 10923 10925
19960 19962 69269 69269
88280 88280 70419 70423
63227 63227 10028 10031
9892 9893 34608 34609
59856 59860 70662 70666
49165 49169 4972 4976
58463 58463 52184 52189
61057 61061 81295 81295
9007 9007 23225 23228
63400 63402 1769 1773
66677 66678 17111 17116
98749 98754 14223 14224
73371 73372 40095 40097
68804 68808 23790 23792
190 193 41622 41623
68766 68767 48652 48653
31071 31072 39043 39046
64635 64640 51349 51350
17697 17698 24644 24645
83368 83371 16598 16603
12891 12894 4245 4246
80805 80807 94338 94340
69776 69779 49929 49933
93511 93515 50781 50781
43934 43935 56818 56820
88327 88329 14582 14587
7925 7930 47710 47711
59490 59493 8839 8843
41489 41489 79243 79243
14886 14887 37832 37835
36896 36901 70777 70779
64731 64732 98947 98950
4985 4985 66270 66273
58757 58759 9252 9255
85546 85548 50899 50902
43546 43548 89134 89135
73480 73485 47260 47262
23528 23530 67262 67267
78871 78872 70804 70809
48287 48288 5118 5119
46153 46156 12057 12057
3969 3972 65922 65922
17285 17286 98765 98767
12509 12513 24513 24516
88739 88740 76625 76629
82099 82099 12616 12617
79559 79560 21107 21110
37024 37027 45681 45683
61010 61015 35157 35157
50563 50567 22608 22612
53458 53459 44979 44981
42181 42182 17141 17143
44602 44607 96358 96361
79931 79935 69781 69785
59417 59418 11526 11531
92142 92147 29284 29288
17173 17173 74044 74047
32785 32785 8898 8902
46213 46218 93772 93773
57210 57215 62901 62901
87612 87617 33467 33468
96157 96160 10305 10310
96784 96789 5358 5358
6415 6417 45964 45964
81862 81864 73115 73116
74851 74852 42869 42871
8086 8091 83410 83410
17164 17167 88626 88631
60469 60471 2424 2426
35718 35723 1512 1515
48389 48393 89435 89440
41042 41045 42015 42015
14880 14884 15184 15189
48985 48988 52234 52239
98692 98695 94168 94168
23002 23004 83637 83639
76357 76361 2892 2894
30147 30148 13198 13198
21619 21624 56396 56400
1987 1989 28381 28384
